행정구역별(읍면동),총인구 (명),남자 (명),여자 (명),내국인-계 (명),내국인-남자 (명),내국인-여자 (명),외국인-계 (명),외국인-남자 (명),외국인-여자 (명),가구-계 (가구),일반가구 (가구),집단가구 (가구),외국인가구 (가구),주택-계 (호),단독주택 (호),아파트 (호),연립주택 (호),다세대주택 (호),비거주용 건물내 주택 (호),주택이외의 거처 (호)
전국,51829136,25915207,25913929,50133493,24972588,25160905,1695643,942619,753024,21484785,20926710,16388,541687,18525844,3897729,11661851,521606,2230787,213871,1000903
읍부,5113052,2624351,2488701,4904647,2494271,2410376,208405,130080,78325,2080384,2021664,2353,56367,1992568,579820,1142894,79981,159041,30832,74804
면부,4650781,2420392,2230389,4394145,2237761,2156384,256636,182631,74005,2068878,2008345,4237,56296,2105345,1539804,427449,36565,69672,31855,103889
동부,42065303,20870464,21194839,40834701,20240556,20594145,1230602,629908,600694,17335523,16896701,9798,429024,14427931,1778105,10091508,405060,2002074,151184,822210
서울특별시,9586195,4647733,4938462,9219741,4474343,4745398,366454,173390,193064,4126524,3982290,2264,141970,3015371,307075,1772670,110562,796066,28998,248125
종로구,151291,73062,78229,139718,67919,71799,11573,5143,6430,68069,63414,115,4540,46859,12259,15688,5460,12540,912,5663
중구,128744,62147,66597,117252,56725,60527,11492,5422,6070,59817,55093,96,4628,42234,5967,26102,1944,7352,869,5695
용산구,225882,109162,116720,208602,99866,108736,17280,9296,7984,101431,95714,89,5628,74542,14064,37676,3969,18124,709,6611
성동구,291918,142128,149790,281266,137301,143965,10652,4827,5825,126658,122186,69,4403,91329,10525,67584,1990,10158,1072,6092
광진구,353967,169925,184042,333985,161130,172855,19982,8795,11187,160944,152090,78,8776,89832,15332,32135,4054,36858,1453,8065
동대문구,351057,171484,179573,331833,163507,168326,19224,7977,11247,158899,150373,131,8395,103520,17120,65033,3274,16511,1582,11084
중랑구,385663,189537,196126,378258,186593,191665,7405,2944,4461,167617,164832,49,2736,112364,18560,55499,4466,32303,1536,4471
성북구,438833,209682,229151,425295,204207,221088,13538,5475,8063,184871,179660,192,5019,138621,22520,79206,6262,29213,1420,3730
강북구,299535,144779,154756,294351,142837,151514,5184,1942,3242,131884,129805,72,2007,97452,17557,34733,4789,39331,1042,2539
도봉구,315979,153080,162899,312852,151906,160946,3127,1174,1953,128378,127362,49,967,107156,8634,65032,4144,28620,726,4127
노원구,511982,246317,265665,506237,243759,262478,5745,2558,3187,204210,202695,86,1429,189213,6619,163502,3448,14948,696,3261
은평구,463102,221828,241274,456902,219268,237634,6200,2560,3640,192581,190631,77,1873,150658,14937,59438,5830,69210,1243,9905
서대문구,317209,148696,168513,302902,143329,159573,14307,5367,8940,138528,133112,99,5317,101036,12600,54132,5461,27910,933,6083
마포구,365612,171161,194451,352890,165953,186937,12722,5208,7514,166007,160681,100,5226,122311,11618,70307,3142,35643,1601,15829
양천구,439068,214978,224090,433221,212412,220809,5847,2566,3281,168184,166044,44,2096,143769,7698,90788,4042,40382,859,6567
강서구,564854,271779,293075,555952,267919,288033,8902,3860,5042,247202,244097,74,3031,195383,10260,113767,4794,65426,1136,28136
구로구,435442,216855,218587,389832,192124,197708,45610,24731,20879,182636,164083,96,18457,133012,11474,83459,7388,29852,839,14324
금천구,249419,126490,122929,222303,112014,110289,27116,14476,12640,115254,103432,67,11755,68804,8807,31689,3914,23859,535,11441
영등포구,403619,200678,202941,356649,175746,180903,46970,24932,22038,178217,162391,121,15705,107366,14276,74957,1487,15474,1172,26005
동작구,392772,189611,203161,376840,182415,194425,15932,7196,8736,174572,167766,107,6699,115615,14522,61606,5289,33103,1095,3266
관악구,502641,250850,251791,478545,239878,238667,24096,10972,13124,259822,248959,178,10685,127568,21249,55417,6218,42770,1914,17696
서초구,401749,192081,209668,394326,188488,205838,7423,3593,3830,158582,156123,78,2381,133528,5481,94499,5356,26931,1261,8533
강남구,508135,243322,264813,498857,238710,260147,9278,4612,4666,212582,208833,87,3662,173745,6968,126023,5827,33190,1737,14630
송파구,643288,309802,333486,633026,305040,327986,10262,4762,5500,259785,255766,67,3952,211578,8072,127239,4900,69796,1571,16692
강동구,444434,218299,226135,437847,215297,222550,6587,3002,3585,179794,177148,43,2603,137876,9956,87159,3114,36562,1085,7680
부산광역시,3349016,1638751,1710265,3294102,1608877,1685225,54914,29874,25040,1420252,1405037,781,14434,1275859,196817,860042,31112,174214,13674,80046
읍부,141436,69853,71583,139179,68339,70840,2257,1514,743,55610,55070,40,500,53246,5454,42218,1353,3738,483,1977
면부,28029,13935,14094,27768,13786,13982,261,149,112,11579,11514,5,60,12295,2793,9038,137,146,181,289
동부,3179551,1554963,1624588,3127155,1526752,1600403,52396,28211,24185,1353063,1338453,736,13874,1210318,188570,808786,29622,170330,13010,77780
중구,41439,20420,21019,39225,19040,20185,2214,1380,834,21101,20508,23,570,17170,4407,5802,710,5461,790,2426
서구,105303,51131,54172,103032,49700,53332,2271,1431,840,47829,47261,48,520,41592,13931,18626,1307,7175,553,2692
동구,87246,42455,44791,84939,41381,43558,2307,1074,1233,40501,39776,29,696,33775,13576,13867,1076,4672,584,3262
영도구,113224,56614,56610,111058,55278,55780,2166,1336,830,51276,50842,44,390,46617,14162,26868,1181,3865,541,1347
부산진구,351403,168641,182762,348309,167457,180852,3094,1184,1910,158049,157105,74,870,141650,22197,95473,1660,20918,1402,13512
동래구,263345,127745,135600,262010,127292,134718,1335,453,882,106443,106013,39,391,94561,12002,65339,2711,13236,1273,5598
남구,269111,131685,137426,262316,128283,134033,6795,3402,3393,112568,110605,63,1900,108223,17308,64324,3132,22493,966,4251
북구,280177,138111,142066,277265,136847,140418,2912,1264,1648,113727,113121,39,567,106250,7225,86325,2323,9696,681,2263
해운대구,389535,187806,201729,384795,185549,199246,4740,2257,2483,160011,158613,47,1351,146373,12107,116573,2499,14290,904,14304
사하구,312057,155311,156746,306744,152098,154646,5313,3213,2100,129762,128354,67,1341,117701,17262,82041,5141,12210,1047,5570
금정구,237219,115300,121919,232543,113370,119173,4676,1930,2746,103542,101802,93,1647,86739,15909,48483,3085,17956,1306,4345
강서구,136734,72095,64639,130624,67026,63598,6110,5069,1041,52737,51376,45,1316,48150,8642,38108,290,682,428,3182
연제구,204947,98187,106760,203893,97813,106080,1054,374,680,86043,85699,36,308,75081,10339,51196,1504,11150,892,5435
수영구,171461,80701,90760,169791,79945,89846,1670,756,914,77302,76700,32,570,69748,9902,38453,2236,18399,758,5257
사상구,216350,108761,107589,210611,105673,104938,5739,3088,2651,92172,90678,57,1437,76688,9601,57308,767,8127,885,4336
기장군,169465,83788,85677,166947,82125,84822,2518,1663,855,67189,66584,45,560,65541,8247,51256,1490,3884,664,2266
대구광역시,2410700,1190271,1220429,2373302,1170625,1202677,37398,19646,17752,997416,985816,512,11088,809802,142457,595392,9093,52492,10368,22788
읍부,237111,120575,116536,230595,116681,113914,6516,3894,2622,91581,89718,53,1810,86924,8607,75198,579,1714,826,2153
면부,23902,12553,11349,22438,11436,11002,1464,1117,347,9997,9652,24,321,10671,4381,5710,86,336,158,586
동부,2149687,1057143,1092544,2120269,1042508,1077761,29418,14635,14783,895838,886446,435,8957,712207,129469,514484,8428,50442,9384,20049
중구,74278,35692,38586,73499,35341,38158,779,351,428,35114,34805,37,272,25584,6362,16880,356,1152,834,3350
동구,333294,163476,169818,331000,162756,168244,2294,720,1574,142473,141788,71,614,123199,22612,83630,2313,12960,1684,3814
서구,170437,84983,85454,167380,83390,83990,3057,1593,1464,75132,74097,45,990,51379,20821,17950,747,10768,1093,1162
남구,145588,69569,76019,143788,68869,74919,1800,700,1100,69654,69120,54,480,42607,19036,16495,552,5660,864,1122
북구,446466,222464,224002,440171,219461,220710,6295,3003,3292,181778,179584,69,2125,147686,19686,118066,1875,6233,1826,4079
수성구,412912,200040,212872,410742,199194,211548,2170,846,1324,160984,160239,38,707,136996,20359,107205,1274,7035,1123,2961
달서구,566712,280919,285793,553689,273497,280192,13023,7422,5601,230703,226813,121,3769,184756,20593,154258,1311,6634,1960,3561
달성군,261013,133128,127885,253033,128117,124916,7980,5011,2969,101578,99370,77,2131,97595,12988,80908,665,2050,984,2739
인천광역시,2945454,1477064,1468390,2846242,1422376,1423866,99212,54688,44524,1178564,1147200,762,30602,1032774,95700,661611,27704,238777,8982,91011
읍부,21601,10700,10901,21239,10524,10715,362,176,186,8871,8790,9,72,8913,3378,1155,843,3379,158,270
면부,63711,33489,30222,62618,32732,29886,1093,757,336,28141,27787,67,287,28702,23949,1831,778,1486,658,1434
동부,2860142,1432875,1427267,2762385,1379120,1383265,97757,53755,44002,1141552,1110623,686,30243,995159,68373,658625,26083,233912,8166,89307
중구,138586,71310,67276,133337,68621,64716,5249,2689,2560,61142,59494,56,1592,50974,8061,32631,1848,7749,685,7279
동구,61285,30795,30490,60090,30155,29935,1195,640,555,25606,25234,15,357,24518,6421,14429,356,3032,280,819
연수구,390260,194264,195996,371668,184541,187127,18592,9723,8869,147391,141117,65,6209,127407,3499,116186,919,6502,301,9356
남동구,528927,264341,264586,512093,253646,258447,16834,10695,6139,211978,207421,116,4441,187149,8091,128749,3155,45899,1255,17805
부평구,500812,247253,253559,478998,236449,242549,21814,10804,11010,201550,193963,107,7480,168544,10590,108034,4420,44166,1334,21060
계양구,292852,145258,147594,288215,143290,144925,4637,1968,2669,114972,113632,67,1273,107004,3628,68453,1815,32456,652,4531
서구,541534,275253,266281,524595,264212,260383,16939,11041,5898,205791,200854,109,4828,182797,8883,121370,9023,42531,990,11628
미추홀구,405886,204401,201485,393389,198206,195183,12497,6195,6302,173122,168908,151,4063,146766,19200,68773,4547,51577,2669,16829
강화군,66020,33116,32904,64866,32389,32477,1154,727,427,28145,27827,69,249,29323,21295,2344,1055,4030,599,1359
옹진군,19292,11073,8219,18991,10867,8124,301,206,95,8867,8750,7,110,8292,6032,642,566,835,217,345
광주광역시,1477573,734140,743433,1447000,717832,729168,30573,16308,14265,608316,599217,395,8704,538275,81315,432295,9972,8863,5830,15016
동구,106005,52810,53195,103761,51647,52114,2244,1163,1081,48193,47388,55,750,40108,10867,25080,921,2353,887,1540
서구,294854,145078,149776,292538,144078,148460,2316,1000,1316,124973,124204,52,717,106173,13935,88118,1489,1583,1048,4833
남구,214860,103479,111381,212832,102693,110139,2028,786,1242,87579,87098,55,426,80737,15551,61467,1555,1287,877,1447
북구,439352,218672,220680,433239,215775,217464,6113,2897,3216,183018,181167,103,1748,162768,22958,132331,2615,2775,2089,3275
광산구,422502,214101,208401,404630,203639,200991,17872,10462,7410,164553,159360,130,5063,148489,18004,125299,3392,865,929,3921
대전광역시,1488435,744349,744086,1465507,733852,731655,22928,10497,12431,639020,631208,460,7352,496875,79189,367235,10473,34684,5294,13153
동구,232559,117184,115375,227028,114602,112426,5531,2582,2949,104650,102668,107,1875,79262,18943,49761,2306,7082,1170,1120
중구,231959,113814,118145,229936,113104,116832,2023,710,1313,98346,97687,81,578,82051,17988,51780,2471,8355,1457,1330
서구,478629,235043,243586,474200,233293,240907,4429,1750,2679,204879,203296,102,1481,153397,20196,122782,2488,6938,993,4186
유성구,368895,188856,180039,360991,184871,176120,7904,3985,3919,156839,154100,121,2618,119063,11309,101693,1606,3580,875,5415
대덕구,176393,89452,86941,173352,87982,85370,3041,1470,1571,74306,73457,49,800,63102,10753,41219,1602,8729,799,1102
울산광역시,1135423,585978,549445,1108528,570131,538397,26895,15847,11048,452995,444087,235,8673,394634,65747,289432,7996,24781,6678,12763
읍부,190747,99367,91380,183302,94780,88522,7445,4587,2858,75217,72478,40,2699,68156,11632,50651,1207,3590,1076,1763
면부,34303,18372,15931,32152,16519,15633,2151,1853,298,14796,14358,46,392,15024,10169,3272,731,459,393,1068
동부,910373,468239,442134,893074,458832,434242,17299,9407,7892,362982,357251,149,5582,311454,43946,235509,6058,20732,5209,9932
중구,214147,108242,105905,211294,107065,104229,2853,1177,1676,87519,86488,29,1002,70794,14841,45763,1892,6934,1364,2325
남구,320175,163148,157027,313527,159693,153834,6648,3455,3193,132915,130469,70,2376,110405,13856,83718,2288,8205,2338,5695
동구,159000,84211,74789,154482,81326,73156,4518,2885,1633,62485,61081,23,1381,53662,7866,39779,1391,3782,844,1011
북구,217051,112638,104413,213771,110748,103023,3280,1890,1390,80063,79213,27,823,76593,7383,66249,487,1811,663,901
울주군,225050,117739,107311,215454,111299,104155,9596,6440,3156,90013,86836,86,3091,83180,21801,53923,1938,4049,1469,2831
세종특별자치시,353933,177939,175994,346689,173541,173148,7244,4398,2846,141133,139106,120,1907,136887,16178,117312,1142,1547,708,3376
읍부,48736,25411,23325,46737,24367,22370,1999,1044,955,22514,21684,31,799,16670,2914,11760,739,890,367,368
면부,52383,29029,23354,48927,26496,22431,3456,2533,923,25331,24472,81,778,18708,12749,4751,216,651,341,1199
동부,252814,123499,129315,251025,122678,128347,1789,821,968,93288,92950,8,330,101509,515,100801,187,6,X,1809
세종시,353933,177939,175994,346689,173541,173148,7244,4398,2846,141133,139106,120,1907,136887,16178,117312,1142,1547,708,3376
경기도,13511676,6828367,6683309,12928214,6489718,6438496,583462,338649,244813,5294836,5098431,4080,192325,4495115,505382,3146667,130354,677652,35060,298634
읍부,1488992,774958,714034,1405270,720626,684644,83722,54332,29390,580183,556629,632,22922,538176,83897,332697,24238,91815,5529,24359
면부,810588,447488,363100,721331,379102,342229,89257,68386,20871,327534,306135,1107,20292,279513,164344,62468,9199,36898,6604,30036
동부,11212096,5605921,5606175,10801613,5389990,5411623,410483,215931,194552,4387119,4235667,2341,149111,3677426,257141,2751502,96917,548939,22927,244239
수원시,1210150,609616,600534,1154820,581043,573777,55330,28573,26757,488201,466089,258,21854,372228,31396,272352,8721,57249,2510,23335
장안구,278507,140771,137736,268549,135646,132903,9958,5125,4833,108181,104418,82,3681,85399,8538,55266,1738,19134,723,1292
권선구,373381,188046,185335,358009,180309,177700,15372,7737,7635,149210,143231,50,5929,118970,9820,84884,2353,21070,843,3997
팔달구,187922,95112,92810,167566,84182,83384,20356,10930,9426,84883,76086,70,8727,58005,8918,31810,1999,14573,705,6144
영통구,370340,185687,184653,360696,180906,179790,9644,4781,4863,145927,142354,56,3517,109854,4120,100392,2631,2472,239,11902
성남시,922025,455702,466323,896611,443432,453179,25414,12270,13144,379640,369585,126,9929,262573,33228,183364,10835,33550,1596,32696
수정구,249044,125587,123457,233811,117966,115845,15233,7621,7612,111225,104775,37,6413,64003,17980,32932,1006,11490,595,4039
중원구,211880,106618,105262,207373,104603,102770,4507,2015,2492,91539,89721,50,1768,59742,9938,27933,967,20145,759,5789
분당구,461101,223497,237604,455427,220863,234564,5674,2634,3040,176876,175089,39,1748,138828,5310,122499,8862,1915,242,22868
의정부시,449572,221225,228347,442884,218202,224682,6688,3023,3665,180351,178067,100,2184,157778,12544,119925,2890,21329,1090,6410
안양시,542336,267405,274931,531584,262254,269330,10752,5151,5601,207634,203441,84,4109,178613,9400,131020,3470,33494,1229,11060
만안구,240986,119998,120988,232745,115942,116803,8241,4056,4185,95798,92486,62,3250,77113,6568,46176,2194,21425,750,4139
동안구,301350,147407,153943,298839,146312,152527,2511,1095,1416,111836,110955,22,859,101500,2832,84844,1276,12069,479,6921
부천시,833148,412302,420846,794155,392770,401385,38993,19532,19461,329594,315696,205,13693,271570,17057,155701,7329,88823,2660,22470
광명시,298116,146922,151194,290414,143230,147184,7702,3692,4010,114422,111383,33,3006,103493,5515,73897,1534,21971,576,5365
평택시,542522,282271,260251,509745,263790,245955,32777,18481,14296,224080,213185,176,10719,219871,33328,147307,7714,29451,2071,6957
동두천시,95239,47654,47585,90846,45254,45592,4393,2400,1993,39055,37936,55,1064,37755,6543,21657,2550,6618,387,1082
안산시,717345,370722,346623,637847,325938,311909,79498,44784,34714,291294,260598,284,30412,220241,15588,116400,8888,77977,1388,12995
상록구,359979,183258,176721,340176,173135,167041,19803,10123,9680,146619,139191,105,7323,114069,7858,49248,1233,54991,739,2592
단원구,357366,187464,169902,297671,152803,144868,59695,34661,25034,144675,121407,179,23089,106172,7730,67152,7655,22986,649,10403
고양시,1045497,510418,535079,1027272,501380,525892,18225,9038,9187,404705,398864,228,5613,334425,21021,264031,11272,36461,1640,37383
덕양구,460881,227271,233610,453888,224025,229863,6993,3246,3747,183099,180981,93,2025,158223,9710,119308,4977,23350,878,10470
일산동구,292616,141805,150811,286357,138381,147976,6259,3424,2835,114417,112376,105,1936,82011,7643,61373,4126,8427,442,20196
일산서구,292000,141342,150658,287027,138974,148053,4973,2368,2605,107189,105507,30,1652,94191,3668,83350,2169,4684,320,6717
과천시,58018,28614,29404,57625,28421,29204,393,193,200,20629,20504,10,115,14819,1699,10726,277,2015,102,504
구리시,192051,95061,96990,190008,94119,95889,2043,942,1101,73909,73253,26,630,60554,5107,46883,2368,5721,475,2486
남양주시,696033,346351,349682,685586,340312,345274,10447,6039,4408,255575,252977,173,2425,240547,17102,184085,11516,26250,1594,8358
오산시,240645,124161,116484,224597,115891,108706,16048,8270,7778,98336,91909,66,6361,82323,5246,66629,1591,8283,574,3115
시흥시,535147,281928,253219,482850,251587,231263,52297,30341,21956,213850,192833,142,20875,179205,7388,143158,1622,25709,1328,13220
군포시,275571,136710,138861,265119,131464,133655,10452,5246,5206,107215,103186,60,3969,91152,3599,73857,1229,12000,467,4522
의왕시,160230,79633,80597,158592,78847,79745,1638,786,852,59922,59444,34,444,57799,2710,45347,710,8774,258,1616
하남시,279795,140355,139440,276344,138487,137857,3451,1868,1583,113584,112462,28,1094,84875,6036,75066,1203,1934,636,16825
용인시,1066975,530711,536264,1040934,516055,524879,26041,14656,11385,394636,386929,318,7389,349222,30255,272504,11109,33536,1818,15082
처인구,268242,139004,129238,254241,130102,124139,14001,8902,5099,104370,100342,194,3834,91311,19214,41241,5900,23652,1304,4755
기흥구,434871,214600,220271,427601,211007,216594,7270,3593,3677,159718,157399,77,2242,139863,7349,121499,3354,7325,336,5140
수지구,363862,177107,186755,359092,174946,184146,4770,2161,2609,130548,129188,47,1313,118048,3692,109764,1855,2559,178,5187
파주시,460541,235488,225053,445151,224906,220245,15390,10582,4808,174764,170924,184,3656,160504,26643,112746,3861,15925,1329,7850
이천시,226212,117642,108570,215871,111560,104311,10341,6082,4259,86215,83415,151,2649,78117,22348,40054,3387,11103,1225,4239
안성시,203030,106461,96569,185454,95420,90034,17576,11041,6535,82928,77368,171,5389,76636,21620,46787,2702,4614,913,3522
김포시,474546,243883,230663,447267,223513,223754,27279,20370,6909,179106,171854,111,7141,159766,13361,131927,4809,8732,937,13078
화성시,880859,464634,416225,825922,426695,399227,54937,37939,16998,336715,321871,396,14448,300372,32576,243732,4614,17507,1943,24721
광주시,385141,198755,186386,367268,187035,180233,17873,11720,6153,147712,143039,102,4571,128175,16239,49408,4029,57404,1095,4514
양주시,233286,119562,113724,223364,112478,110886,9922,7084,2838,88985,86650,148,2187,85563,10882,64932,1413,7359,977,3481
포천시,157939,86546,71393,140482,73502,66980,17457,13044,4413,63701,59525,145,4031,55033,21047,20285,2633,9927,1141,5651
여주시,113352,57759,55593,108225,54683,53542,5127,3076,2051,45457,44234,107,1116,41610,20624,14208,1457,4380,941,2120
연천군,42278,22325,19953,41000,21438,19562,1278,887,391,18368,18014,35,319,17241,8915,5469,1198,1252,407,875
가평군,60233,30708,29525,58803,30120,28683,1430,588,842,26056,25652,47,357,26538,14933,5262,1971,3521,851,1208
양평군,113844,56843,57001,111574,55892,55682,2270,951,1319,48197,47544,77,576,46517,31432,7948,1452,4783,902,1894
강원도,1521763,767674,754089,1497109,754831,742278,24654,12843,11811,668479,661039,595,6845,644023,237573,360950,21471,12539,11490,16804
읍부,253717,129527,124190,249253,127143,122110,4464,2384,2080,109159,108028,137,994,109598,48358,47817,6291,4383,2749,3323
면부,353843,183190,170653,346545,179136,167409,7298,4054,3244,160604,158561,232,1811,166303,113156,43113,3667,2838,3529,6072
동부,914203,454957,459246,901311,448552,452759,12892,6405,6487,398716,394450,226,4040,368122,76059,270020,11513,5318,5212,7409
춘천시,284645,140439,144206,279334,137695,141639,5311,2744,2567,119722,118030,95,1597,103078,27257,71262,1766,1438,1355,2136
원주시,352429,174982,177447,347768,172587,175181,4661,2395,2266,151688,150242,114,1332,142591,30362,108364,1172,1206,1487,3373
강릉시,216542,108540,108002,213343,106927,106416,3199,1613,1586,99109,98032,83,994,87579,29549,51631,3161,1465,1773,2024
동해시,87801,44707,43094,86570,43965,42605,1231,742,489,37871,37427,22,422,41116,10462,27155,1657,1151,691,689
태백시,41494,20913,20581,41139,20823,20316,355,90,265,18688,18586,21,81,20504,5879,11516,2537,159,413,387
속초시,80054,39893,40161,78622,39068,39554,1432,825,607,35922,35551,19,352,37736,8444,26482,1691,495,624,930
삼척시,65939,34186,31753,65005,33644,31361,934,542,392,31016,30764,28,224,30818,13328,14368,1606,931,585,632
홍천군,66587,34176,32411,65341,33532,31809,1246,644,602,29533,29207,42,284,30099,19072,8216,1522,627,662,966
횡성군,44649,22760,21889,43737,22282,21455,912,478,434,19775,19524,30,221,20098,14515,4361,378,488,356,812
영월군,36282,18690,17592,35891,18562,17329,391,128,263,17175,17069,19,87,17343,11442,4056,658,793,394,605
평창군,39258,19979,19279,38603,19698,18905,655,281,374,18519,18305,20,194,21801,12613,5697,1917,1084,490,798
정선군,34524,17916,16608,34128,17808,16320,396,108,288,16375,16275,20,80,17137,10175,5604,408,496,454,603
철원군,43042,22489,20553,42098,21950,20148,944,539,405,17244,16968,16,260,16673,9272,4957,1001,977,466,734
화천군,23733,12860,10873,23419,12727,10692,314,133,181,9997,9899,15,83,9850,5860,3025,478,249,238,429
양구군,21317,11284,10033,20961,11153,9808,356,131,225,8606,8521,8,77,8275,4814,2685,338,174,264,307
인제군,30147,16236,13911,29736,16059,13677,411,177,234,12698,12592,11,95,13014,7636,4057,555,346,420,412
고성군,26572,14056,12516,25086,13006,12080,1486,1050,436,12096,11723,18,355,11910,8887,2370,124,153,376,506
양양군,26748,13568,13180,26328,13345,12983,420,223,197,12445,12324,14,107,14401,8006,5144,502,307,442,461
충청북도,1632088,833819,798269,1574994,799168,775826,57094,34651,22443,695948,678922,846,16180,640256,210192,383130,16234,20754,9946,19777
읍부,350910,182327,168583,335094,172572,162522,15816,9755,6061,146923,142186,234,4503,138814,40108,84552,5292,6699,2163,5372
면부,339989,180346,159643,319253,165808,153445,20736,14538,6198,153196,148276,363,4557,156538,108192,38210,2972,4988,2176,7395
동부,941189,471146,470043,920647,460788,459859,20542,10358,10184,395829,388460,249,7120,344904,61892,260368,7970,9067,5607,7010
충주시,218412,112015,106397,211091,107555,103536,7321,4460,2861,95281,93082,113,2086,93399,30063,53732,3028,4963,1613,1969
제천시,134768,67686,67082,132616,66670,65946,2152,1016,1136,60173,59680,54,439,57840,21044,32595,1867,996,1338,1228
청주시,855326,431319,424007,835563,420794,414769,19763,10525,9238,355294,348328,249,6717,302927,62840,224774,5037,6218,4058,9048
상당구,184787,92125,92662,183230,91471,91759,1557,654,903,72571,72112,52,407,70670,16438,50126,1382,1783,941,978
서원구,202390,100697,101693,197958,98447,99511,4432,2250,2182,86186,84613,56,1517,72483,14017,54900,1239,1188,1139,1615
흥덕구,270590,137094,133496,262522,132737,129785,8068,4357,3711,113965,110912,67,2986,91126,17732,69353,1052,2065,924,4345
청원구,197559,101403,96156,191853,98139,93714,5706,3264,2442,82572,80691,74,1807,68648,14653,50395,1364,1182,1054,2110
보은군,31543,15914,15629,30834,15556,15278,709,358,351,14464,14306,22,136,15702,11823,2998,305,292,284,539
옥천군,48868,24573,24295,47919,24038,23881,949,535,414,20937,20721,27,189,21677,14046,5560,536,1112,423,755
영동군,47016,23615,23401,45958,22997,22961,1058,618,440,21303,20984,75,244,21218,15255,4024,926,678,335,719
진천군,89514,48190,41324,80633,42211,38422,8881,5979,2902,37427,34771,79,2577,38332,11022,22036,1652,3182,440,1420
괴산군,38093,19815,18278,36724,18973,17751,1369,842,527,18470,18209,38,223,17021,14354,1547,304,499,317,790
음성군,103725,57583,46142,90300,47974,42326,13425,9609,3816,43664,40342,154,3168,42939,16216,22841,1095,2244,543,2587
단양군,27640,13966,13674,27370,13873,13497,270,93,177,12845,12785,16,44,13898,9450,2779,1028,313,328,381
증평군,37183,19143,18040,35986,18527,17459,1197,616,581,16090,15714,19,357,15303,4079,10244,456,257,267,341
충청남도,2176636,1117575,1059061,2077470,1058869,1018601,99166,58706,40460,922067,892222,1216,28629,865008,307155,481332,23565,41652,11304,35734
읍부,505174,260198,244976,485455,248489,236966,19719,11709,8010,213081,207389,260,5432,211072,66850,118264,9135,13273,3550,7437
면부,654427,343650,310777,607393,312578,294815,47034,31072,15962,286331,274141,668,11522,289018,193690,78718,4764,8647,3199,11278
동부,1017035,513727,503308,984622,497802,486820,32413,15925,16488,422655,410692,288,11675,364918,46615,284350,9666,19732,4555,17019
천안시,682199,348584,333615,653579,332294,321285,28620,16290,12330,284818,275707,274,8837,244364,33828,188202,6225,13332,2777,15031
동남구,273764,138907,134857,261189,131692,129497,12575,7215,5360,115604,111538,141,3925,99254,19796,67597,3977,6431,1453,3287
서북구,408435,209677,198758,392390,200602,191788,16045,9075,6970,169214,164169,133,4912,145110,14032,120605,2248,6901,1324,11744
공주시,108333,53933,54400,105547,52553,52994,2786,1380,1406,46981,46165,94,722,45266,23748,18072,1335,1362,749,1496
보령시,99088,51355,47733,95137,48418,46719,3951,2937,1014,43181,42417,53,711,44089,22542,18034,1615,1043,855,1345
아산시,340518,178858,161660,312832,162084,150748,27686,16774,10912,136783,128012,182,8589,126319,24934,93267,1980,5079,1059,4513
서산시,176379,92061,84318,170202,88638,81564,6177,3423,2754,74847,72765,65,2017,73069,23270,42092,2097,4779,831,1881
논산시,119707,59849,59858,114077,57000,57077,5630,2849,2781,51800,50139,90,1571,48936,27923,17761,1234,1288,730,1754
계룡시,40854,20370,20484,40557,20234,20323,297,136,161,15207,15137,8,62,17152,1444,14868,372,421,47,324
당진시,168955,90641,78314,160772,85360,75412,8183,5281,2902,71690,69099,87,2504,64504,22973,34313,2324,4098,796,2315
금산군,53758,26834,26924,50782,25396,25386,2976,1438,1538,24102,23257,121,724,23266,16124,5020,609,1117,396,1088
부여군,64207,31844,32363,62580,31037,31543,1627,807,820,28671,28332,42,297,29661,22345,4978,935,897,506,797
서천군,51039,25533,25506,49240,24238,25002,1799,1295,504,23143,22790,32,321,25647,18421,4480,1245,1057,444,717
청양군,30103,15202,14901,29229,14798,14431,874,404,470,13745,13532,21,192,14062,11426,1675,295,491,175,495
홍성군,102757,51604,51153,99259,49338,49921,3498,2266,1232,44090,43192,56,842,43472,20074,19690,828,2089,791,1674
예산군,77838,39641,38197,74708,37569,37139,3130,2072,1058,34488,33675,63,750,36369,20694,11337,1393,2396,549,1254
태안군,60901,31266,29635,58969,29912,29057,1932,1354,578,28521,28003,28,490,28832,17409,7543,1078,2203,599,1050
전라북도,1802766,899058,903708,1760400,876451,883949,42366,22607,19759,767803,755575,708,11520,741221,280952,416861,17450,15130,10828,18287
읍부,157265,79177,78088,152037,76377,75660,5228,2800,2428,65653,64239,93,1321,65253,30134,29598,2997,1402,1122,2278
면부,358481,179779,178702,347943,173548,174395,10538,6231,4307,165741,163450,245,2046,177385,157279,14532,1936,1396,2242,7101
동부,1287020,640102,646918,1260420,626526,633894,26600,13576,13024,536409,527886,370,8153,498583,93539,372731,12517,12332,7464,8908
전주시,666517,328910,337607,655039,323544,331495,11478,5366,6112,274810,270768,159,3883,240012,41425,183486,5000,7108,2993,3801
완산구,342896,167167,175729,337484,164601,172883,5412,2566,2846,142714,140814,83,1817,124435,20817,97228,2271,2599,1520,1903
덕진구,323621,161743,161878,317555,158943,158612,6066,2800,3266,132096,129954,76,2066,115577,20608,86258,2729,4509,1473,1898
군산시,269023,136934,132089,261128,131993,129135,7895,4941,2954,114147,111817,92,2238,116663,29065,80048,4310,1403,1837,2452
익산시,285312,142948,142364,278724,139638,139086,6588,3310,3278,121413,119474,116,1823,117355,34873,74406,2611,3420,2045,2576
정읍시,106706,53174,53532,102975,50966,52009,3731,2208,1523,46850,45970,71,809,48152,26229,20033,582,515,793,1597
남원시,78097,38214,39883,76770,37677,39093,1327,537,790,34331,33974,31,326,34965,20539,13051,448,312,615,1053
김제시,79733,39603,40130,77160,37861,39299,2573,1742,831,35247,34697,57,493,37736,24534,11475,1015,250,462,1403
완주군,95834,49451,46383,91548,46940,44608,4286,2511,1775,39629,38551,66,1012,38905,19448,18233,306,520,398,1393
진안군,23380,11664,11716,22924,11487,11437,456,177,279,10774,10674,12,88,10908,9133,1071,535,26,143,513
무주군,22678,11177,11501,22385,11098,11287,293,79,214,10539,10469,11,59,11195,8983,1603,190,239,180,453
장수군,20879,10377,10502,20383,10171,10212,496,206,290,9497,9383,11,103,9555,8105,804,334,133,179,399
임실군,26075,13179,12896,25666,13030,12636,409,149,260,12380,12288,13,79,12830,10592,1744,175,184,135,450
순창군,26598,12784,13814,26111,12612,13499,487,172,315,11750,11647,17,86,13135,10980,1529,295,159,172,393
고창군,52608,26092,26516,51340,25464,25876,1268,628,640,23845,23512,28,305,25269,19577,3631,1299,384,378,887
부안군,49326,24551,24775,48247,23970,24277,1079,581,498,22591,22351,24,216,24541,17469,5747,350,477,498,917
전라남도,1788807,903281,885526,1743571,875732,867839,45236,27549,17687,772660,761518,896,10246,802043,402046,359690,16463,10955,12889,26971
읍부,439764,221991,217773,425403,212921,212482,14361,9070,5291,184223,180222,283,3718,186168,84524,86839,6699,4340,3766,8588
면부,569084,285621,283463,551609,274353,277256,17475,11268,6207,265354,261444,370,3540,289791,252134,31254,2071,1226,3106,9665
동부,779959,395669,384290,766559,388458,378101,13400,7211,6189,323083,319852,243,2988,326084,65388,241597,7693,5389,6017,8718
목포시,224509,112446,112063,220195,109988,110207,4314,2458,1856,95492,94391,83,1018,94332,21281,67995,1597,1820,1639,3334
여수시,271505,140228,131277,265300,135970,129330,6205,4258,1947,113780,112397,95,1288,113941,38184,69791,1678,1689,2599,2209
순천시,272449,136023,136426,269708,134826,134882,2741,1197,1544,110833,110112,69,652,113964,32228,76707,1672,1541,1816,1990
나주시,113293,56528,56765,109639,54506,55133,3654,2022,1632,49264,48497,76,691,54524,24431,28627,479,522,465,3017
광양시,143928,75009,68919,141724,74057,67667,2204,952,1252,58325,57752,45,528,60548,13809,41969,2980,828,962,1137
담양군,44201,22115,22086,42876,21477,21399,1325,638,687,18333,18034,35,264,18485,15754,1854,267,276,334,945
곡성군,27349,13421,13928,26691,13060,13631,658,361,297,12833,12689,24,120,13488,11511,1234,354,191,198,435
구례군,23907,11502,12405,23604,11404,12200,303,98,205,11089,11009,14,66,11687,10028,1078,252,131,198,411
고흥군,60045,29349,30696,58680,28489,30191,1365,860,505,29852,29520,29,303,34150,28032,3582,831,1239,466,835
보성군,37888,18255,19633,37284,18024,19260,604,231,373,17980,17862,27,91,19464,16215,2447,497,115,190,569
화순군,60247,29207,31040,59044,28665,30379,1203,542,661,25608,25343,35,230,28628,15394,12571,291,79,293,898
장흥군,35273,17111,18162,34508,16756,17752,765,355,410,16646,16484,19,143,17679,13965,2532,727,156,299,619
강진군,32778,15901,16877,32158,15625,16533,620,276,344,15398,15250,22,126,17241,13851,2177,552,353,308,567
해남군,65223,32470,32753,63310,31330,31980,1913,1140,773,29535,29031,33,471,31350,24321,5802,473,207,547,1044
영암군,57076,30667,26409,51166,26310,24856,5910,4357,1553,25307,23534,47,1726,27410,15341,10760,624,391,294,1019
무안군,84637,42867,41770,82519,41667,40852,2118,1200,918,36094,35628,57,409,35403,18525,15656,477,309,436,3618
함평군,30156,15057,15099,29260,14573,14687,896,484,412,13720,13538,36,146,14777,13238,968,240,112,219,639
영광군,50196,25157,25039,48943,24427,24516,1253,730,523,22102,21780,39,283,23083,15455,6024,921,309,374,959
장성군,41443,20969,20474,40046,20148,19898,1397,821,576,17583,17291,31,261,18761,13791,4133,499,66,272,708
완도군,48269,25277,22992,45400,22947,22453,2869,2330,539,22006,21234,31,741,22096,18176,2425,615,358,522,955
진도군,29297,15042,14255,27418,13503,13915,1879,1539,340,13883,13400,15,468,14327,12241,1338,337,201,210,477
신안군,35138,18680,16458,34098,17980,16118,1040,700,340,16997,16742,34,221,16705,16275,20,100,62,248,586
경상북도,2644757,1338823,1305934,2570210,1294138,1276072,74547,44685,29862,1152097,1131819,1182,19096,1094306,456538,541246,30673,47264,18585,34480
읍부,617590,316441,301149,594069,301769,292300,23521,14672,8849,263643,257403,296,5944,251633,96098,131445,7224,12421,4445,7438
면부,628901,317900,311001,608001,303342,304659,20900,14558,6342,295747,291785,485,3477,315925,256532,45100,4771,5384,4138,13871
동부,1398266,704482,693784,1368140,689027,679113,30126,15455,14671,592707,582631,401,9675,526748,103908,364701,18678,29459,10002,13171
포항시,501109,254268,246841,492896,249555,243341,8213,4713,3500,209373,207459,140,1774,201611,46350,131204,8650,11407,4000,3657
남구,228937,119250,109687,224781,116627,108154,4156,2623,1533,97063,96024,69,970,89851,23826,52043,4456,7579,1947,1823
북구,272172,135018,137154,268115,132928,135187,4057,2090,1967,112310,111435,71,804,111760,22524,79161,4194,3828,2053,1834
경주시,261778,132827,128951,246008,123078,122930,15770,9749,6021,116452,111247,104,5101,109481,45760,51821,3606,6232,2062,4592
김천시,139145,69808,69337,135977,68003,67974,3168,1805,1363,60013,59250,83,680,60378,26412,30670,1279,1064,953,2480
안동시,159412,78996,80416,157525,78174,79351,1887,822,1065,71424,70934,73,417,69997,31394,34487,1476,1318,1322,2021
구미시,416603,214920,201683,410007,211352,198655,6596,3568,3028,171496,169519,112,1865,152076,25237,112247,3707,9128,1757,3721
영주시,103818,51865,51953,102523,51290,51233,1295,575,720,45970,45636,54,280,42345,20839,17146,1643,1513,1204,1345
영천시,100353,51436,48917,96225,48569,47656,4128,2867,1261,45647,44842,82,723,45092,22937,19431,934,1146,644,2179
상주시,95473,47016,48457,94167,46458,47709,1306,558,748,44043,43717,59,267,43713,29569,11775,388,1216,765,1556
문경시,68212,33446,34766,67250,33025,34225,962,421,541,30839,30574,46,219,30337,19514,7323,1304,1426,770,1012
경산시,283733,143389,140344,269639,135063,134576,14094,8326,5768,120756,116127,94,4535,96711,22730,68711,1019,3245,1006,2779
군위군,22096,11379,10717,21426,10888,10538,670,491,179,10850,10726,22,102,11043,9757,631,162,332,161,533
의성군,49243,24004,25239,48442,23577,24865,801,427,374,24312,24119,38,155,26136,22498,2189,341,715,393,772
청송군,23761,11817,11944,23470,11743,11727,291,74,217,11797,11723,16,58,12493,9833,1603,181,599,277,464
영양군,15743,7703,8040,15455,7642,7813,288,61,227,7725,7661,6,58,8197,7105,356,146,481,109,213
영덕군,34893,16886,18007,33612,15909,17703,1281,977,304,17206,16969,24,213,18220,14641,1499,880,742,458,552
청도군,41378,20180,21198,39980,19567,20413,1398,613,785,19004,18821,38,145,21748,18187,2243,362,668,288,756
고령군,31419,16396,15023,29264,14715,14549,2155,1681,474,13917,13498,19,400,13785,8998,3867,183,509,228,916
성주군,41574,21716,19858,39441,20132,19309,2133,1584,549,18713,18255,30,428,17038,14693,1360,295,345,345,1187
칠곡군,115756,60517,55239,110985,57370,53615,4771,3147,1624,47953,46786,76,1091,44000,14381,25414,625,2849,731,1745
예천군,53718,26306,27412,52939,25994,26945,779,312,467,24213,24041,19,153,27501,16326,9906,377,603,289,594
봉화군,29945,14870,15075,29471,14719,14752,474,151,323,14189,14092,19,78,15270,12242,1587,835,418,188,463
울진군,47151,24395,22756,45311,22826,22485,1840,1569,271,22006,21707,22,277,24069,14720,5594,2093,1201,461,646
울릉군,8444,4683,3761,8197,4489,3708,247,194,53,4199,4116,6,77,3065,2415,182,187,107,174,297
경상남도,3333056,1692212,1640844,3236387,1629100,1607287,96669,63112,33557,1376240,1350155,1126,24959,1296944,417534,797850,26697,37542,17321,45805
읍부,506242,254596,251646,493407,246986,246421,12835,7610,5225,201425,197768,167,3490,195809,56376,125700,4967,5915,2851,5996
면부,697601,356675,340926,664564,331822,332742,33037,24853,8184,309030,301778,526,6726,329694,227818,88948,4089,4169,4670,13026
동부,2129213,1080941,1048272,2078416,1050292,1028124,50797,30649,20148,865785,850609,433,14743,771441,133340,583202,17641,27458,9800,26783
진주시,352403,175605,176798,345977,171912,174065,6426,3693,2733,148396,146660,111,1625,130282,41583,82907,1172,2264,2356,3385
통영시,127984,65869,62115,122911,61814,61097,5073,4055,1018,54922,53758,55,1109,52552,19206,29903,1257,1210,976,1810
사천시,111184,57145,54039,107079,54075,53004,4105,3070,1035,47359,46540,81,738,49245,20460,25308,1602,839,1036,1443
김해시,552427,283063,269364,527424,265774,261650,25003,17289,7714,214170,207272,129,6769,193783,27466,151018,1985,11649,1665,7132
밀양시,103228,50545,52683,99377,48889,50488,3851,1656,2195,46860,45948,51,861,49162,27726,18202,1062,1273,899,1519
거제시,246965,131923,115042,237603,125407,112196,9362,6516,2846,98586,95837,67,2682,99797,22780,68843,4023,2701,1450,2811
양산시,351206,176742,174464,342744,171418,171326,8462,5324,3138,141072,138629,71,2372,132927,14851,113027,1093,2889,1067,3539
창원시,1029389,522913,506476,1009938,511296,498642,19451,11617,7834,415535,409688,232,5615,366057,77142,266049,9870,8998,3998,16185
의창구,262203,133404,128799,257433,130731,126702,4770,2673,2097,105843,104291,50,1502,83059,20665,56549,2039,2838,968,3716
성산구,213607,110503,103104,209062,107475,101587,4545,3028,1517,83048,81686,51,1311,72481,5569,66006,536,58,312,5434
마산합포구,172632,85874,86758,169801,84222,85579,2831,1652,1179,72452,71771,69,612,69200,21508,43716,1473,1258,1245,3696
마산회원구,190389,95207,95182,187691,93758,93933,2698,1449,1249,77008,76212,33,763,66670,14330,46508,2571,2506,755,2125
진해구,190558,97925,92633,185951,95110,90841,4607,2815,1792,77184,75728,29,1427,74647,15070,53270,3251,2338,718,1214
의령군,25965,12784,13181,25020,12213,12807,945,571,374,12535,12321,27,187,13482,11250,1439,280,364,149,501
함안군,65279,34271,31008,61000,30853,30147,4279,3418,861,27594,26634,57,903,28005,15393,11068,548,545,451,1254
창녕군,61302,30881,30421,57905,28646,29259,3397,2235,1162,27754,26908,48,798,28031,19470,5971,845,1372,373,1273
고성군,50016,25327,24689,48391,24192,24199,1625,1135,490,22436,22039,39,358,23984,17009,5059,479,1003,434,825
남해군,41587,20446,21141,40527,19594,20933,1060,852,208,19721,19501,24,196,22950,19571,2062,322,458,537,461
하동군,41772,20773,20999,41083,20492,20591,689,281,408,19600,19435,23,142,20413,16879,2475,393,312,354,755
산청군,33500,16275,17225,32666,15918,16748,834,357,477,15823,15611,29,183,16934,14833,1372,229,137,363,755
함양군,37114,17980,19134,36528,17689,18839,586,291,295,17501,17361,28,112,18891,14616,3322,153,455,345,676
거창군,59595,29300,30295,58874,28972,29902,721,328,393,26054,25874,23,157,27014,17253,8102,583,581,495,801
합천군,42140,20370,21770,41340,19946,21394,800,424,376,20322,20139,31,152,23435,20046,1723,801,492,373,680
제주특별자치도,670858,338173,332685,644027,323004,321023,26831,15169,11662,270435,263068,210,7157,246451,95879,78136,30645,35875,5916,18133
읍부,153767,79230,74537,143607,72697,70910,10160,6533,3627,62301,60060,78,2163,62136,41490,5000,8417,5482,1747,3482
면부,35539,18365,17174,33603,17103,16500,1936,1262,674,15497,14992,18,487,15778,12618,504,1148,1048,460,869
동부,481552,240578,240974,466817,233204,233613,14735,7374,7361,192637,188016,114,4507,168537,41771,72632,21080,29345,3709,13782
제주시,492306,247474,244832,474196,237502,236694,18110,9972,8138,196808,191619,140,5049,173767,61290,59693,19620,29135,4029,14189
서귀포시,178552,90699,87853,169831,85502,84329,8721,5197,3524,73627,71449,70,2108,72684,34589,18443,11025,6740,1887,3944
